image_width: 1620
image_height: 1220
camera_name: camera
camera_matrix:
  rows: 3
  cols: 3
  data: [836.527947,   0.     , 808.422471,
           0.     , 839.354724 , 588.075579,
           0.     ,   0.     ,   1.     ]
distortion_model: plumb_bob
distortion_coefficients:
  rows: 1
  cols: 5
  data: [-0.262186, 0.048066, 0.001499, -0.000339, 0.000000]
rectification_matrix:
  rows: 3
  cols: 3
  data: [1., 0., 0.,
         0., 1., 0.,
         0., 0., 1.]
projection_matrix:
  rows: 3
  cols: 4
  data: [561.614075,   0.     , 807.329538,   0.     ,
           0.     , 692.663574 , 580.363971,   0.     ,
           0.     ,   0.     ,   1.     ,   0.     ]
