camera_matrix: [[540.734833, 0.000000, 808.435922], [0.000000, 665.360297, 596.629675], [0.000000, 0.000000, 1.000000]]
distortion_coefficients: [-0.040286, 0.011029, 0.004940, -0.001410, 0.000000]
allowed_marker_ids: [582]
image_sub: "/camera/image_rect_color"
rate: 50
aruco_dict: "DICT_ARUCO_ORIGINAL"
tvecs_adjustment:
  x: 2.8
  y: 0.95
  z: 2.7